10944750	25687,25372,28752,13451,19673,1461,8689,7150,155,8719
12028500	13390,11196,21392,15311,16540,18496,21975,8519
12154500	17640,7868,2568,9549,9471,5470,8689,7105,28621,4949
1620500	23735,5833,12230,28774,5445,1195,5300,444,13124,14887
4716750	2683,29202,21110,25820,25318,8511,2963,13784,22126,13757
4844000	24196,15934,12220,12899,7868,21983,5086,27396,5598,26806
5654000	29231,5896,4775,4571,528,23861,25840,4300,17926,16939
5735000	7868,24711
5780000	15811,21336,5814,22529,17214,17959,17061,7061,8313,21092
6061250	16463,679,22359,10893,29203,11176,4949,14261,17117,3190
6458500	8637,27791
8170750	1966
8622000	8702,15935,11125
8861500	1547
8869250	11203
10224750	1481,2613,21393,4761,25960,11679,9549
10229250	8689,23628,22179,24541,24869,23774,18289,21593,18805,7297
10302500	28164,14065,6630,679,26087,7409,2626,18167,8689,12754
10546500	5955
1110750	20578,12426,13883,3458,22499
12015000	7552,15138,8024,5176,26900,27028,22240,13097,5267,24977
12173500	554,3627,9817,15405,28184,1325,21110,29287,21426,28370
12388250	28391,1539,23793,16939,18712,24385,4538,15298
1971500	25329,11000,13701,7096,4479,21715,14917,7469,21919,7624
2626250	25193,20206,28230,5598,11176,16077,25249,27458,7868
3963750	4949,23662,251,26972,16624,21067,11330,13737,11176,19421
434750	21911,27511,4571,16972,19394,19973,6542,6104,12656,3228
5220750	8689,28438,25240,26216,13793
5254500	7868,21672,4336,3313,22043,24601,12717,22359,14393,25488
5948500	28382,28057,6290
6067750	23698
6571000	4254,12162,5470,13430,13878,15734,1773,12252,11687,27052
6849750	2199,27965,6757,2655,19796,23556,11679,29099,6246,25733
7703750	18075,22908,7868,27625,527,18730,12394,18868,23304,4958
8149250	11679,11196,24015,2367,12162,215,14294,7868,26464,18805
8757750	18024,26288,23928,24601,6968,3149
9288000	2683,2971,11328,19394,6401,27508,10999,19702
10696000	21110,14887,19615,3458,11022,3740,25420,20979,24440,14153
11391250	28924,27998
1661750	15315,28221,10840,679,14020,3324,3151,9802,2729,22342
1832000	25687,10916,7868,11939,10151,12287
2771250	789,476,14694,2963,28744,2513,12606,23475,26314,29490
2852250	11682,14261,27415,21706,14360,25871,4647,21683,143,13080
3001000	679,21995,14902,4571,24780,11080
3211250	17706,27155,6148,7173,12431,11076,4411,23662,26006,15584
3581250	22126,23482,23214,12512,17783,5848,26546,5086,11781,28411
4256500	2410,4694,22280,19897
5034000	12220,7465,10584,20207,1241,18730,23223,3723,16550,29446
5901250	14575,12606,18730,8798,22482,11073,12230,1010,7262,18937
6257000	23563,23628,3740,22749,530,14795,16986,12285,16540,21071
6996000	6305,12165,13754,16067,6255,24780
9720000	1392,13830,26871,16315,2771,19894,22168,29442,11849,21092
10057000	8193,22447
11362000	10240,8693,2963,17232,4324,5330,9609,16376,10404
11687000	8689
11847750	3555,10948
12008000	25618,24274,14261,4960,17647,16331,20979,4953
12215000	6672,12352,7868,8637,14942,4949,15639,20831,9363,14261
1969000	12220,18002,5987,15887,4411,5469,25687,20297,18575,4993
2132250	14159
3089500	1917
4770500	10404,6988,27191,20297,13554,14020,12220,9165,2610,15315
4809750	679,1831,23884
7002750	1481,5081,1831,2270
799000	27791,3555,16331,29099,24341,24553,8278,21946,25839,4709
8102000	768,21110,2683,18213
8666500	11790,17671,15672
9035750	17977,7850,9881,20661,4479,21919,25381,18697,18544,6839
9163000	6096,28184,26576,5594,23475,11080,6571,23278,11482,7748
9244000	7868,14227,13471,17393,13442,2367,16177,9486,3536,5403
1046250	27791,2257,6621,18196,11396,10678,4571,27508,679,17214
10768750	19993,17592,4683,6672,12870,11150,27261,637,2570
11046750	7169
11339250	6828
12027000	2322,21865,24334
1904750	23928,9138,27314,25888,22484
1906000	2683,12220,21110,2438,9532,1831,12285,16540,11448,9567
1909250	504,10014,24645,14209,6326,20516,23470,15992,18180,25372
2138750	14120,11029,1950,20425,17457,18805
2874500	14914,10840,7910,6203,4172,7868,28370,19422,3047,22094
2921750	27791,143,14182,29547,15446,15584,11201,5324,7105,27371
317500	9620,18805,4949,7868
3524750	26871,4808,4491,15065
3849750	9549
4184250	241,14020,12220,10788,4949,11196,28710,23928,11983,11687
4215750	23928,4571,19574,12251,14573,14415,2685,4281,11391,4125
4956000	28675,15315,21337,14580,13450,2042,2891,22393,14048,23662
5108000	647,4254,29203,29547,3627,10532,15094,7070,28463,14020
6874250	2683,15584,12168,26754,13483,28410,8637,11080,22393,20425
8040000	15138,2655,17400,10151,17084,5429,22547,8257,239,7868
9103250	876,2655,6655,9563,12220,28357,20055
9344000	17024,14795,18001,25511,18555,23936
10095000	14261,19973,26699,2836,8278,13494,21092,16624,12977,20207
10831750	5640,13482
11434750	9985,20083,18758,7071,21823,24004,10840,24155
2078000	14902,17449,16944,28616,26608,24669,17752,27791,14446,7622
3257000	679,7868,15534,13592,8689,11080,27791,10226,6080,15934
3590000	28924,9907,7567,1776,26874
3787750	2610,26969,19458,7096,6904,6077
5898500	374,26722,7637,27371,17732,23433,15921,7105,11573,14182
591750	5416,27231
6523250	11196,17835,17060,14020,11685,7105,16540,16406
71250	28641,8775
7367000	15686,21975,21336,13607,20297,11888,143,18730,155,17945
7687500	290,5369,12285,20803,12394,28625,14498,682,22994,26607
9811750	22846,10969,10014,18183,10476,25596,27466,12220
10064500	12220,22583,28466,8269,5799,29099,25830
11340250	14294,26973,25329,241,12394,21110
11612500	5848,19974,16672,29334,18741,18075,15138,25372,29203,1547
12065000	12453,2270
2676250	14535,4970
3035250	11080,14020,11196,993
3226500	22240,18741,6621,27791,11954,4230,12394,25372,23863
371250	21110,7620,25596,1547,10106,22889,14400,25599,15401,7680
42000	13390,8890,11578,29528,28180,11687,28481,23656,5557
4994000	25596,17087
5754500	12647,8307,3954,8725,15896,143,3665,14020,14784,11790
7787500	24340,1831,17771
8649250	16540,2826,6571,18024,16939,29203,1547,3740,25830
887500	18946,11080
9173750	16110,11679,16540,13020,14020,11196,7560,16406,19814,15315
9628250	23779,18024,25402,20750
9706000	12168,20297,22094,6364,23340,13765,29099,19431,11487,3980
981000	11176,12394,8662,4949,27160,14153,8689,14020,4997,11679
10054250	19660,4667,20297,1079,11159,8425,10970,20846,9226,18034
10619000	12647
1459750	28059,16550,25830,21110,12220,20228,21393
1966250	2257,3228,16110,26722,11052,25260,18730,7186,6672,3627
3054250	11931,12285,7248,14020,29203,5448,9563,3151
3293750	25193,26523,12758,7070,18075,17829,17636
3952000	2128,12220,16550,4479,4648,28631,29099,21844,13349,13998
4850000	11605,1428,19980,12512,614,4794,4731,14678,11682,24601
4963500	21110,21092,16572,15534,18002,25372,15538,4411,13240
5082750	26631,17280,11029,2059,7868,17214,29547,4795,20449,6740
5906250	27791,143,13784,20529,3047
10393750	2437,29265,3438,28992,17531,7868
11493000	7868,22727,9072,12453,8689,4694,14661,1533,5680,22828
11894500	15138,26619,24009,9548
12231250	28149,6246,26722,26973,19539,27155,24274,12173,5529,10329
1446250	19751,7105,18712,23482,20297,1155,700,14525,22505,21852
1985250	2683,9645,28059,21110,24307,21865,12220
3188000	9567,18025,16463,26618,4993,17429
3520000	21919,28065,1700,14415,23409,5254,23928,2999,21336,27927
364250	11679
38250	14265,18730,10051,11176,28719,20626,15138,17590,11447,2694
4421250	16110,8439
5959000	14242,14153,18805,251,4078,6672,27791,26722,11328,8327
6247250	15814,22736,28626,19615,25618,22680,10840,16918,8171,18874
6564500	11176,11612,14902,16406,12977,4949,18730,29095,11196,21672
7345250	2750,5845,23656,15138
7699500	11793,8719,18730,23928,13592,11080,22280,28410,360,1222
83250	6174,4220,28885,25753,15434,1731,7624,7409,21238,7989
10047250	3555,12132,8976
11142000	17407,12352,18180,28378,29099,18075,4939,1493,2695,5833
1381000	14261,17958,25329,29099,8724,27637,22099,10857,1831,8662
2428500	1396,4986,9250,17153,28332,22915,7160,22314,17640,4172
380000	14174,22094,554,12329,2128,1773,5620,22367,15618,18628
4102750	20585,10026,26843,21787,22523,19149,15353,5267,4919,15075
4922750	18024,2669,25733,18013,18489,7263,20701,18465,7340
5027500	11201
5769750	24503,16818,18731,20147,143,26614,4440,16116,2455,29231
5847500	28504,29505,21865,1831,17995,8978
6619500	3627,21067,15089,16952,5221,1917,15934,11465,4479,21110
7927750	26288,18624,26341,15065,20279,3032,12674,12680,9549,14020
8129250	7868,16323,25733,18097,8637,22999,7045,28617,22489,25260
10018000	5429,15874,27791,12447,20343,2655,25252,19015,642
10063000	22393,14930,10893,22889,21110,20207,2257,18805,679
10257500	10893,4281
10309250	10999,15192,21091,5043,18996,14942,11734,8089,9472,11329
10513000	6147
11111500	27791,25142,13962,4216,12379,20051
11321750	11730,29547,17060,24907,7997,13745,21672,9906,23338,12358
1148000	23284
11936000	14294,1962,13020,28470,28641,8494,10948,21393,3935,3482
12337750	21092,13888
1240250	12394,2160,8689,20297,18392,5998,7871
145750	24242,3847,11196,7409,11578,1440
1517000	27205,4808,7208,15086,16302,24087,11350,15299
1812000	11196,7105,7868,19814,16406,21628,29077,23793,28410,3228
2251750	23549,22727,6571,29385,13084,25177,14451,16663,29203
2492500	19005,20979,16939,10464,20083,5557,23969,11124,26655,20585
5012750	7963,2208,5053,3393,13020,5043,8799,1335,11196,10893
5143250	14482,26614,16609,23549,26394,6287,5429,9563,19457,29547
6848750	8689,21336,12160,264,22319,7070,4307,22894,13354,2891
7545250	11679,13891,14381,3228,29099,3329
8271000	11280
9782000	29364,18758,14902,5367,3151,6724,5086,7248,1831
10069500	4571,15322,7868,18519,10740,2257,21400,19973,18084,8637
10401500	22950,12189,27791,7868,14048,24929,13258,8816,17959,20979
10774750	1577,14942,2899,27791,27199,11687,22749,20338,25488,23900
11874000	12220,11679,4220,13844,18180,29203,19668,16550,1282,4510
1324500	7868,5336,27927,6305,14482,20872,10404,8028,6980,12977
3981750	27791,1831,3228,6520,22280,23143,5185,25386,15602,21565
452750	10872,14796,141,25488,22547,18491,251,6672,16460,15638
47000	23549,18835,1950,2999
6003750	7868,8792,7737,15414,23013,647,23480,5053,4750,11679
6754250	20152,26789,17945,28936
6867750	7552,4078,2655,25424,17013
7016500	14020,1366,26546,24193,27407,11679,10616,22280,7560
7190750	14526,27791,9413
7320250	26728
7886000	9472,15446,5267,6880,15934,1428,1712,5094,6080,4939
8033500	2471,20996,21110,28653,6113,21094,12489,16939,6348,12435
10261750	14261,1222,21657,17061,19394,28270,14533,15645,11679,5285
10588000	15138,14020,22499,9295,849,9209,28825,3720
10790500	15716,7105,22889,22126
11730000	21565,13390,23656,5443,18523,12914,6193,471,8296,1446
11972750	7260,15631,7936,4846,21693,647,28855,17972,954,20708
1724000	29099,10521
2168250	7868,13494,17732,15200,5662,21683,5803,22749,21838,28653
2870250	17606,14020,7096,4003,14426,8327,15096,29363,28603,27625
3795000	12352,29099,24601,11687,21865,26127,23143,6597,20747
4853750	19955,25596
4902250	23628,4709,14360,2323,27111,8207,18730,14794,27161,15904
5052000	7868,5150,16420,25299,12220
6400000	2452,15258,3313,9567,18712,22371,28270,2600,26737,3536
711500	26722,11052,4709,17118,14360,11578,13682
9437500	489,15718,28662,15584,7208,12168,22280,2683,14694,23563
10492250	4949,24984,20045,7868,26464,11061,8996,23662,26728,3228
10609250	8693,5598,5330,19702,21919,20979,28694,7409,2963
1074500	9567,16602,12606,6052,4571,10908
10845500	13390,9985,28631,28924,29497,12512,17060,18075,23526
11496750	6927,28898,3534,9829,22016,20101,747,29084,587,2695
154500	8689,18805,12168,5863,10353,21110,28621,13830,25820,12977
1953250	3658,12394,14020,2610,8313,25289,26722,6096,647,24415
2182750	19643,1539,5131,18808,7059,28184,8689,2257
2378500	23774,18937,3228,5099,10014,19974,16722,12886,26619,14795
2920750	22359,23407,27155,29490,23538,16302,21862,15946,14119,22400
3075000	6592,5995
3363000	18868,15315,25742,8082,3627,25329,4709,15138
4004500	19686,18281,6571,15315,5211
4054000	9090,24088,11304,28124,20121
4133750	27638,25372,20127,14451,9919,1831,21110,15159,14248,16754
5187750	11080,1481,19514,29099,11194,6431,21672
573000	16653,18868,19615,19962,7071,23214,26655,11080,637,7473
7103000	15019,5574,15423,11080,13737,23662,12586,16488,1119,11465
7269250	20578,24571,27791,2729,23295,8637,26180,10895,17273
7476250	1037,24907,4571,23284,19416,15019,29099,28653,23662,13873
848500	9838,7286,19891,16406,23628,22393,2000,24977,259,14261
9212500	14596,7150,4370,18002
9794000	642,9301,10368,24886
9906500	5185,11328,23656,21110,155,26298,8689,12394,28411,7868
11032250	26699,1713,18879,14363
1140750	12541,1293,22313,19421,27060,7868,15395,6741,2251,27912
11564250	25483,14969,6104,9140,1831,4846
2200750	2655,12674,18741,24506,14020,16768,9315,2610,26516,8630
2688750	155,3774,1739,3181,15721,28391,19814,22749,3629
2737250	8684
4186500	7105,27092,12394,11563
5239500	14153,21110,14360,16939
5491500	21110,20620,25212,25989,17405,20154,18024,7089,20803,4162
5994250	23793,7611,18180,27625
6766250	27791,4307,6988,28945,18805,29547,9109,3977
6957500	22029,13793,15534,24898,16722,12754,23861,29547,1065,24576
7657250	3228,7997,29445,2043
835000	19632,14048,25215,11734,16722,207,13878,7059,25642,23202
8702500	11196,7105,29547,23779,24780,3390,15138,16540,8257,17597
8949750	16818,17438,4808,21962,2217,7086
9394500	22371,8965,29099,16540,29472,14533,18491,14588,6880,23781
10112000	6839,2471
10322250	5185,10702,28967,1731,1880,18575,9111
11984750	3627,251,20207,25086,8689,2683,993,12352,21110,21796
1815750	5067,13998
2788750	7096,11176,13776,5043,8842,2898,11431,6918,18515,3647
3149000	9486,9804,29008,13162,24503,14580,18805,18964,20648,9817
3723750	4078,12271,5598,25372,14020,1831,20846,3406,13247,21672
4047000	29446,22043,3983,26737,7208,18712,7105,2655,12828,22547
5968250	16406,29099,26516,13097,4078,21840,3228
6205000	27470,17153,17214,1461
6654750	16110,14261,1415,6299,20180,25909,11687
7306250	2249,24379,679,22359,4691,7868,28754,2669,17676,2655
7513250	24590,1756,29203,29153,4078,7692,23203
8145500	21883,18124
8195000	4078,5185,18024,1758,24519,11080,28410,8943,21672,3034
9782500	23662,17550,5856,6352
980000	3228,29099
11552750	16011,23448,27791,1481,24869
11683250	12541,24704,24196,14603,1249,3886
12371000	12394,14294,2254,24541,8992,12737,9111,11776,23896,16376
1699500	16716,24715
1758250	27791,28463,2764,6947,28481,6571,3091,12560,7389,28992
3168000	3082,19742
341000	26754,25840,16564,17958,15584,4003,26722,23407,679
5199750	679,9936,10866
5293250	679,20506,12220,15672,3995,11519,4571,22583,27700
7034000	27791,14266,3850,27153,10014,26829,29203,1392,17402,22887
7163250	17748,12943,9567,18791,19702,8689,26595,20154,22609,18805
7435500	27950,18024,7975,178,24886
745750	3228,4578,7827,24869,19339,1666,4775,21071,7230,29099
9436000	504,6571,17680,4731,29203,23590,1831,21110,6929
1104500	21110,14294,2683,22393,22583,18678,11196,2257,12220,12394
1934750	21838,25372,21110
200250	12352,9620,12052,19166,1831,25570,5856,17556,3362,679
266500	10282,9487,25005,255,9657,9486,22659
3266750	10066,5416,13888,3228,12220,26318,13749,7045,787
3310750	25086,15432,8689,11328,11176,23774,14952,4172,4997,24083
3588500	21336,23782,27251,530,1831,8637,18024,20846,4644,23284
4376250	8689,15631,27407,21225,19993,11524,18281,12790,16155,28368
4533750	4324,24514,10970,11431,10908,25346,6868
7003500	11196,25090
764750	14153
8070000	29197,27044,18611,18024
8230750	24841,11939,4949
8523250	1731,15934,7827,25500,21336
8633500	8148,5833,1950,255,8767
8730250	911,12068,11679,28453,28876,3228,4571,7611,3913,14976
8799750	20826,12018,14261,18024,13592,679,7868,4389,4571,3252
8848250	24704
9039750	3228,11196,14580,1293,13087,7105,15639,25092,3627,15368
9199500	24969,4578,4081,29099,3228,20803,23031,7105
9982500	9369,542,16009,20800
10654750	12212,2270,7552,14991
2768250	23421,16094
3573750	25260,11176,12220,778,11670,15831,26660,12394,4452,7868
382250	26722,22393
4392000	2610,16527
4423500	24193,4147,29490,21515,9111,6911,11543,8662,20473,8643
4557250	27228,21996,19962,19052
4680000	16463,25372
5155750	24669,23662,18024,18805,14661,11969,2999,15018,7432,8173
5238000	2683,15018,21833,527,11101,9620,15138,3361,5936,8090
5440500	11080,25272,17945,5043
5655250	11196,15645,3228,16500,16406,14048,3702,9131,9340,11396
6299000	25830,16818,1481
7269750	19475,4019
7892000	1530,911,16913,8489,10928,25366,5267,4354,9340,14194
832250	27791,1831,22963,23143,28859,23782,26670,5053,18024,29330
8529750	15138,28059,22583,26883,16609,16939,911,9702,14925,18026
8940500	2655,11080,251,3720,4571,16463,14261,13784,16952,4949
9972250	15138,7963,23187,6290
10592750	25488,23798,3804,15934,13093,646
10966250	8689,14482,251,20456,29224,13039,17087,4949,20952,17118
2331750	953,22126,7179,22732,10584,18805,2436,8628,19539,21092
3549000	5184,14261,5957,5285,24869,12395,5912,10872,26598,647
3592750	14694,5836,29547,16903,8704,7868,993,15405,24601,8689
3675000	1565,13779,7297,11635,6498,10232,14292,20338,15024,9563
3751500	20300,9829,10193,23284,28411
4447000	12627
4814750	7868,26568
5336750	679,6096,15344,26341,377,20146,25272,23251,11000,8965
5467250	8763,27458,19252,23157,24922,1822,21110,27567,16103,19277
6603750	7230
6768000	16818,7827
8435250	14261,7105,16110,11679,11080,21067,18730,16540,10999,22489
9121750	7868,2683,21838,4571,19974,11029,15946,18805,2000,15935
9946250	21865,3720,26619,2899,23241,12754,155,11688,21091
11535500	11679
11632250	25022,4819,24196,15389,21110,11330,12220
1247000	25635,18712,25381,20548,5043,2669
2148250	14294
2350750	23779
2882750	4452,29225,8943,11330
2968250	14273,1831,18805,28985,16463,17331,11624,8637,27625,4578
3405000	4389,5015,20918,5470,1807,19974,19027,9242
5226500	23829,7868,3627,8689,9613,22484,18912,16663,1260,25099
5320000	3228,6167,2683,18692,20388,11196,4452
5438000	14145
7060500	504,3384,19005,11080,23214,26655,3300,29388,13461,8692
776750	3228,2128,2963,18388,22359,26699,29084,26006,18730,22043
10212500	24081,12927,24788,15959
1025250	13247,1918,4014,14119,509
11022500	22319,15019,10718
139000	679
2033500	3627,11176,4949,8689,12352,11465,5009,20015,12220,11328
2808500	7560,24196,12394,25372
4118250	5185,13749,6582
472000	25333,14647,3515,23584,6211,23748,2963,21565,6542,12674
4804500	28465
4809000	1461,24178,27637,22211,9193,10072
4886500	17640,26608,26789,18805,20146
5248750	28924,27035,23623,20668,24375,9290,18575
5745000	26722,9838,11080,2257,4709,20658,26737,18730,4571,29416
7854500	7323,29099,527,4571,22244,24352,20484,8278,14902,20207
8216750	24281,12285,14065,27634
10443000	27135,19466,2373,23628,25488,8719,1392,13779,28378,14482
10653250	20180,29203,21392,24034,3828,23857,18891,2574,4320,26034
11078500	9275,18024
11625250	18990,3740,21628,28017
11947000	11080,6505,9522,13103,20411,23482,16865,21911,1758,2322
3312500	19993,21217
3734250	6290
3892750	15138,3937,13020
4454500	15019,27117,26699,28184,4059,15138,28653
5264500	12394,27791,12220,14261,5470,25372,8625,21110,27625,14020
6458250	7692,22280,27205,23475
6900500	6805,21659
7600250	11176,3228,4949,24869,8662,25570,11052,12758,7868,19509
7715000	27961,2457,11790,24978,7868,13795,19394,3390,9486,8719
7797000	13942,11196,6571,24066,6447,12754,7105,6263,10745,14294
892500	17180,239,23403,11670,18805,3647,2669,23516,18741,15217
10818500	23779,5334,4618,9030,9829,18196,1038,14261,17855,5185
10915250	23556,18075,12395,12220,13873
1173500	20143,5848,20037,15661,8257,15730,8049,5598,7606,24869
12204750	7963,21681,6571,21533
1338750	12586,845,9620,2966,993,13450,12410,6571,360,11363
2076000	3390,24886,21841,24277,19339,14483,7560,8549,24816,5655
2448250	24669,12541,949,21672,21865
2891500	2257,8027,8724,4949,819,3627,14161,14580,255,26722
2940000	26722,11767,12168,24486,25260,11080,24519,2683,14580,19835
4059500	16463,9549,28465,7868,12159,24196,805,3857,16540,10694
4153000	9912,21865,11080,26523,14942,22621,20048,18075,27539,17921
415500	554,27437,3151,28694,8689,194,23164,7542,13017,21442
4895250	15423,11638,12068,24541,16624,15478,19166,16944,21067,26308
5899750	12220,21672,18730,16550,11679
5911250	12352
6014750	28653,21110
7494250	3150,12528
7976750	3228,26806,19813,25483,25372,13962,27849,21862,15203
8049000	22749,14240,14821,2683,27544,21094,17664,20979,5706,25556
8628250	20979,26288,15390,29465,28481,8630,14153,5848,11080,25260
10756500	26771,17706,26972,6656,14942
10885750	23676
1118250	24306,8278,2159,26665,14294,14794,13494,5661,15584,6672
12016750	18741,27683,28653,11849,7248,9671,24277,7061,18353,18612
12142750	22749,9834,14486,2375,10760
1244250	4324,27670,1691,2764,624,19951,28183,7980,4709,7070
1767500	20180,27977,7409,6690,619,14626,5598
2386250	7061,1008,26754,948,24507,9953,6880,6255
2752000	3032,22179,12243,2042,11679,26728,27906,14917,3313,5667
439000	25415,7868,16821,24060,3362,2198,12287,3390,6104,26404
5962750	9563,16800,27446,5803,11080,5151,2683,24172,17706,7105
7143250	10702,22087,217,7613,26077,3181,637,2771,26114,19941
9079500	7868,15741,25272,25669,27314,4691,7208,11022,24447
9123500	12168,14694,15138,20846,18678,2610,10176,13888,26789,4324
969750	2963,17823,14020,2367,3047,15159
10539250	14020,1461,2812,10176,4486,8702
11137750	19891,25360,22447,934,24669,24869,12068,21841,4226,6104
1459000	6147,26614,6290,10014
1911500	16110,1047,18730,3627,10872,8689,21815,11196,4479,8868
4097500	2762,24844
4259500	11176,29099,15315,3135,23628,9111,11018,8005,12541,4949
4547500	8257,27060,26694,8173,10151,13749,6918,10710
5037000	7868,14796,679,21140,27791,6880,26722,12068,27508,19416
5279750	2368,20386,14956,6880,3228,25211,29269,19514,26464,15192
5726500	25733,17244,14470,13779,23465,14020,25372,10059,22731,17072
7405250	17431,15125,11330,25372
746000	21865,155,12435,7105,6571,3032,7613,26288,2410
7568250	13112
8163500	28438,26959,22621,18868,15022,23103,24608,2257,27458,7868
8215250	24628,14261,25372,18251
9179500	11196,17835,12220,27637,20823,17214,17629,29375,26614
9352750	28759,6548,17133,18075
9807250	7868,18905,21885,19890,6096,26699,25086,26722,23934,17759
9839750	18167,28410,647,24081,5197,11328
10972250	13672,23779,12491,16396
11158000	21930,7868,239,21657,5043,8637,24565,360,25169,26422
11494250	11196,27509,8676,18805
11734000	14490,679,28985,26546,7747,13084,16296,19829,14261,7868
11737250	599
11782250	7127,18002
2088000	10949,2198,25079,15019,13020,617,16556,21883,4078,13247
3396250	15138,29077,16939
3846250	23143,11882,15584,11679,12352,1080,8719,16722,25380,2826
4115500	6731,26619,14470,21899
4370750	1666,7168,23628,4078,16343,15638,17058,2655,9053,3723
65500	29099,5443,6152,15639,24196,28687,14623,5814,2452,21840
8072250	19036,6098,27033,22,749,22095,1392,19514,11196,14020
1492500	11679,3627,16540,26605,24886,8637,17653,3926,7868,8689
1528500	22749,23774,5799,23781,28370,21092,12977,3627,18466,7248
1792000	6203,13390,12307,23623,16540,20154,23214,20979,20630,23338
2316250	9688,26288,9657,949,15065,1390,18180,679,6621,10948
3317500	27514,3032,11665,8261,8767,1501,25366,22113,1917,11864
417250	12068,26800,21838,12557,15584,3190,9549
4378500	16100,22947,11857,2826,13020
4503500	24193,11936,26754,13956,14989,12220,4949,3627
4876750	949,4080,11378,20536,11431,12394,11080,7868,14150,2945
6126750	25117,15019,24977,25169
6872750	20393
7184500	7868,2159,28463,16939,10193,24517,4571,2899,27791,24541
8156500	6447,1831,8842,4078,16420,6951,6665,25214,19974,10999
8528750	27791,16913,15672,25372,15315,2655
9586500	8860,17401,10795,414,7868,27888,10620,24601,29501,29541
11114000	25372,20386,21110,25177,7552
12015250	11080
140500	14625,23779,18730,3627,10480,1831,12394,6918
2364500	21865,661,6918
2733500	13272,19824,14451
3014750	7868,13471,2353,24922,1147,18558,28166,2655,4551
3096750	8628,15315,11541,20388
3511000	14020,29203,13020,25346,19651,18196,15164,11263,2610,23620
4782250	10778,679,9658,27791,15359,5724,10193,12142,8446
5170500	6096,21672,18805,19973,18730,4571,4949,14020,7868,17581
6233750	4220,18180,10584,3458,21146,26619,10014,10678,3776,3051
6848000	24601,26619,23622,12977,8816,9671,5454,15584
8017000	23284,15096,22280,27505,3719
8353250	27205,12285,7560,16331,4302,3438,7230,22204,28401,26401
9076750	4731,2826,25372,3665,17748,22368,5712,14119,18575,1547
9979000	251,8628,20661,6096,7868,25260,3627,2257,25372
10119250	7868,5087,10282,6326
11131750	10726,5738,29472,882,4039,915,25488,14482,17647,16406
11631250	5598
11794250	28924,164,27092,29099,22365,14025,1218,12220
3148500	12795,16217,3627,14894,27346,4762,5306,7620,155,28561
3245250	23878,18730
3326250	9479,24459,4163,18712,27389,9389,20154,8943,614,17232
3404000	905,22246,6246,3627,29,8446,18273,15911,1385,28653
4625750	15446,22321,10840,24471,1428,26000,14482,17882,17945,10570
5110750	25793,1004,1739,26114,8414,21146,18167,7096,3324,5590
6301250	574,11543,8226,29547,8637,22393,20555,13209,14942,1031
6380000	28425,24459,20327,28059,6682,24196
691500	22664,26288,12977,27791,28641,7868,12431,4270,29445,14498
7918750	26959,26404,18275,7479,24541,13749,11652,9802,23202,11225
8160750	18529,15308,3958,17641,11196
8327250	14917
8822250	17483,25402,18013,4578,16821
9015000	7090
9513250	9195,414,23928,1008,22319,16420,20800,23861,18024,12583
9671750	29203,2826,26722,7868,14119,2655,21110,4731,23122
11558000	749,12674,6290,21611,24307,25372,16788,7552
1838750	16818
2198750	16550,12220,12394,13054,9250,12257,13216,5429,14294,18024
267250	2367,10690,15549,8313,679,5053,20297,1237,18829,21925
2807500	27117,12688,1015,1010,3817,19379,5557,11329,10014,18024
2823250	2610,25329,9111
299750	11080,24869,24601,23612,3719,3034,8528,28410,4452
3009000	5627,8724,22393,27117,2033,12327,15019,19014,28347,1507
393250	4949,519,20154,13093,11176,2891,22306,16782,20603,17319
5082500	7105,14020
5828250	4808,9031,599,16979,6988
64000	12394,11080
6807250	22393,27791,25372,8327,15192,5712,5529,8630,13394,10646
7211250	23656,7061
7568750	12285,1831,4329,17087,3458,8327,2655,2891
791500	24831,10329,16606,3627,14712,8738,23492,10810,20297,23424
8346250	6734,16939
8909750	24054,20803,15681,28270,22342
11121500	20297,15799,13049,8530,6597,24601,18024
11129250	11080,4949,949,14580,14577,11280,6672,9829,16409,11687
11527500	27791,16884,5305,21110
1365000	13737,14580,679
1441500	12670,12033,27508,2846,743,2826
1688750	12220,14020,3145,5376,19671,7248,16550,554,22499,11857
2103250	12394,1831,7567,13592,13737,6724,5458,20661,14902,24325
3684750	16754,16463,1831,6728,20297,25372,24059
3799500	21768
4087750	27791,251,7868,23475,26605
448250	15911
4631250	13103,29099,15934,20896,18353,3228,4078,7868,5184,27052
4712250	20902,14276,18388,2963
5522250	21672,2257,7048,28710,4949,15315,25260,4479,10788,4571
5957500	24966,2826,24385,29203,19514,8637,9824
650750	17772,18202
6904000	5267,10056,9111,26546,11319
731750	11196,7692,15924,9195,29008,3384,23623,28631
9215000	14294,6352,8651,12394,25029,2436,1773,29425,6178,10097
11352000	7096,15155,6163,12352
12331000	18180,7542,1831,28184,21758,6294,26614,19540,21739,11330
1622500	8148,22027,19179,19381,12285,24911,14020,15584,8662,451
1710500	7868,14780,28065,29547,12977,3228,1390,18730,2729
2232500	679,14261,11000,24929,911,6431,11060,26516,4683,24986
252500	23861,18544,18805,14011,23826,6199,15089,23656,12541
3010000	13975,4220
3335000	325
3781500	27161,2695,15606,911,28117,241
4317250	22029,15159,5619,12173,8338,4172,18628,3398,12220,19182
4475750	13592,3719,11612,8689,4949,21110,3627,25372,12068,15934
5078750	18990,7465,25669,9549,1031,21657,14580,7096,554,27319
5910250	28525,937,26605
6015000	24323
621500	2683,29099,3308,19973,16009,20425,3723,24933,6326,6143
6264750	1415,21110
6266000	18292,23774,4939,15584,20950
6683250	28641,6918
6921750	29497,19197,19458,8193,2367,19095,28954,637,24606,622
7445000	18075,16463
8910750	12688,27514,24929,5598,26614,10948,29078,24503,11330,18167
9651250	26754,1598,5639,679
9685000	17032,5403,3185,11605,2693
9716500	13086,28065,6908,20694,11465,20425,12168,4949
9842500	18805,25086,10908,7380,7868,19048,22319,3190,21995,12576
9973000	23475,18227,15158
10642000	20536,11176,7576,251,7323,21334,26728,3627,23831,5053
10933250	4076
1114000	25960,22356,8188
11646500	13975,23847,15153
11939000	25596,23260,13122,23409,2176,2257,28230,16470
1194750	25366,83,7400,4059,8637,679,20551,21092,24669,5306
1531250	22179,4078,10247,24180,22442,7026,23338,12216,3719,4676
1782250	155,19374,18024,14788,2568,24460,12143,3237,14415,5845
190500	18465,4281,20751
2704750	3658,16483,5764,13592,11547,22359,14417,3228
29750	12220
3304500	24461,17228,13554,25169,4931,18086,3804,22269,17512,29099
5256500	614,20679,3775,15874,13909,12165
567250	11080,19615,6968,9899,7354,7868,27791,7105,5093,24616
5751500	14873,21094,12977,1392,26434,19680,15086,5336,15896,23928
599750	20297,9657,20386,12285,18990,29146,18072,530,10097,2963
6571750	9193,16540,17706,5661,155,20158,993,14580
7383000	27791,7611
887750	15019,26754,28270,17237,24764,3135,15934,29225
965500	25003,26378,26546,18712,26845,9671,2963,12056,24411,10646
10533750	14261,24601,17945,27346,26972,19974,13451,3032,24026,29099
1165500	15423
1181250	23284,6672,18932,27390,7208,8689,29213,22749,16169,7465
12275500	21930,9563,7572,23134,5429,4938
2480750	15249,22946,20979,18172,22843,23284,377,20425
3742000	26168,14482,7297,13020,2669,21847,11357,23656,5336,4571
8243500	11196,4931,949,4479,11776,4949,18075,24869,17945,3047
8324500	9848,28369,14020,7943,18741,9657,16887
9351750	11080,14580,2891,993,3627,20626,28930,17921,12588,21067
9592500	18271,9549,676,11080,11573,23241,6767,26665,24541,19514
984500	2513,18730,19539,28985,20718,27791,25260,7868,679
10185000	7868,11029,25770,6104,17582
10264750	29203
10840750	7105,24385,13672,21565
11440500	2179,14261,4731,504,14226,7936,16540,17986,15584,6571
1189000	4949,23612,11176,27615,12175,16361,16818,23628,6548,11328
11896000	10872,16564,12068,19166,3176,22405,23731,13853,15302
1806750	26394,20701,6621,489
19500	19421,11080,7096,20551,27927,2610,5086,25933,17572,14048
2050000	21659,26866,14242,5306,27791,15231,4053,12329,17960,5620
232000	7868,21865,7105,18791,12133,28087,361,2436,16311,16406
2988000	22482,15828,12606,6548,17133,1822
3216500	28992,2963,27168,8028,18697,26121,21146,20548,6617
3719250	4960,18362,17150,3362,18624,125,273,4078,25631,3606
5139250	11080,21336,26716,21067,17959,23826,18183,11793,1731,911
6354500	26159
6852750	27906,7208,16939,7822,4949,12285,7356,18180,1831,2963
764000	16300,18990,15081,7208
8314250	11196,4834,27618,4626,17770,19416,25933,3536,16540,3941
9488750	3564
10816000	27334
11949750	2198,5403,6571,43,13554,25177,12063,16519,25009,10353
12234750	21632,29465,25372,10893,6980,26736,10176,22126,26614,949
12239250	26288,20519,12271,25618,15838,5856,14536,21838,22024,949
3288250	5592,3390,19394,6395,4750,25651,10714,16110,360,20279
3410000	12855
3977750	1461,17087,21869,13975,17060,25596
4921000	9912,23549,14048,8689,28418,16672,15534,1031,3032,19974
5024500	3228,12977,21110,17748,12394,14265,16550,29084,13888,12220
5608250	21110,4731
5812000	2683,19993,11465,20472,20506,4039,19759,17641,679
6172000	24704,7827
6713250	18879,2367,24344,1758,2945,27625,5185,18805,14261,24541
7361250	28410,24541,9291,8719,993,14922,22893
7893250	28410,28992
7921500	22556,12674,28087,23612,15534,22583,17327
9394250	28899,3228,25372,17060,11196,569,29203,19014,17087,7105
10592000	12220,1335,25372,16429,2257,6951,5598,4949,19973,7868
11307500	20300,22359,12068,2463,27711,8628,18167,24944,28463,5264
12384250	5458,21747,4300,3658
2253250	18730,28975,18575,527,1031,9220,28189,23525,155,11196
4189500	9165,2251
4399750	23207,6148,7354
5465250	5377,23554
5915250	2367,15138,14242
6234000	21372,17020,4571,3555,4220,18051,1107,16463,12438,12642
6683750	29203,5267,10169,15446,2826,17945,24562,14818,24977,29551
7830250	17237,554,5779,25372,20127
8096750	26485,5267,24887,21672,28641,1630,20918,23628,22077,23896
8430000	27328,8637,10480,17771
10000250	17153,6171,19974,28256,5598,9563,6438
10566000	7868,11204,3854,9486,2319,13554,28053,18980
10598500	12394,12352,12220,14165,24385,9563,155,7105,11776,21110
10773000	2257,12977,12352,19615,9486,15639,9846,2999,14922,20608
11711250	24942,6175,1392,23861,10866,21338,9609,20617,599,3759
12229000	17389,12588,28128
1617250	2217,11951,11329,28463,18002,5077,21919,12283,21533,27791
2756000	21092,2198,13773,25565,15320,11347,21485,3590,15344,24311
4257000	27625,11176,23475,4571,11196,15089,4949,12329,6908
4304250	7868,679,24929,16846,10999,27328,1155,14902
4336750	16463,24059,20846,12220,16155,2438,29203
4658500	27625,21110,10948,25917,17453,12606,18075,25960,12220,11330
6334000	23120,10627,9413
6497000	20747,18233,7927,20529,27522,647
6780500	10893,29099,4571,25676,19394
8111500	454,23793,23878,11080,527,11018,12790,2257,22393,6148
9463750	15138,16406,3677,11196,25733,26758
10297000	25058,18075,27056,20636
10713250	14446,22633,1031,11220,617
11313000	11196,3228,27406,17013,23143,11018,7456,11679,27092,7105
12004000	15307,5081,16540,7680,17191,16463,18683,12754,10452,18958
12377250	3151,14020,8689,18075,2729,5799,19405,15138,27946,5492
1724250	15269,15672,3228,23198,12977,23236,17450,14120,7868,6080
2322750	12754
3661500	9548
4035250	11159,8630,9340,3185,27539,26633,3423
4193750	21657,23779,23662,17959
4852000	29146,7038,7868,15584,282,12259,25352
5539250	7868,155,24258,8689,11983,18075,25207
5697750	2367,476,23273,27791,16396,21110
5987000	7976,5621
6272000	12055,2803,6080,17400,20180,29103,26451,3149,22367,26067
6998500	1031,201,3627,29547,19973,19431,19416,8689,11983,11687
7116750	10308,14930,12541,11196,9912,23669,27637,20952,19514,24503
7323750	27019,11196,3458,29203,3740
7483500	21865,420
8617500	27625,28270,11280,26619,4571,19973,2605,7812,12055,2669
10234000	28653,9111,10970,3719,4039,25214,15019,3324,11524,25570
1074750	11080,27092,12747,3699,12220,11904,527,10171,21865,679
10976250	14482,12285,27888,14580,1533,16952,11679,12489,7354,743
11283500	12220,10680,16463,2683
1319000	21849,5797,10449,599,5469,1237
154750	11196,14119,569,8943,9834
1727500	4452,7812,3228,9563,28669,27334
3282250	11857,29099,2739,11357,27638,23475,19126,23623
528250	8693,12977,155,2963,7096,21146
5846250	1831,18200,19993
69500	18196,25346,15315,2929,28410,6352,17640,17470,18805,18730
7218000	22317,11201,15859,21936,6951,15584,12220,10702,19421,24669
7588000	10329,28653,18712,28975,18575,7105,17470,28824,5848,25839
8555500	29078,5598,10741,18180,27615,19379,4738,7762,25372,1282
861250	28707,21110,29203
10578000	28992,18227,14073,13778,26523,29213,20896,12736,18024,13240
11220500	12285,11431
11590500	17512,17606,18741,17127,10097,7868,14821,17337,10404
1499750	16079,8669
1629250	18024,19891,9120,29099,21758,24196,24601,21392,28937,7727
2187500	23628,6158,12162,27394,29203,2963,16376,24780,7990,9953
3288750	3937
3625250	26614,5625,21372,16085,18180,6057,20549,4411,4718,21110
3861500	7868,20470,9899,14533,11983
3913250	8409,9242,8689,9948,9230,10136,15159,14020,12220,13240
4025000	9894
4073250	27415,17153,22836,12271,12792,9946
6099250	13244,25372,11823,1721,11397,10014,7868,18697,13665,15661
620500	6352,18572,934,15345,4571,21840,7975,26114,10646,24922
8123500	22852,1591,3390,14931
10628500	18736,398,21336,28641,12285,14294,11263,5652,13784,23549
11535250	2257,16463,11052,22989,19021,12394,23143,4410,26722,4709
11616250	9829
12061000	16463,8628,21110,17058,18075
12417500	8689,7963,17959,12717,29099,10570,5478,16096,3438,1731
2910750	1372
309750	15365,4545,20902
3644250	18843,4775,4381,16406,7868,29473,7127,8637,17781,10584
4620000	27709,14486
5011500	23013,6331,22280,11196,23779,27092,11022,20484,10532,29203
5226250	8689,15907,24669,21865,10726,16302,6840,26416,23223
5999000	26523,5081,14666,14265,10908
6412250	15159,7260,13354,25372
6700250	18575,9549,7957,4949,8719,11176,11578,23134,21672
6897000	4300,24177,18544,23223,7626,4052,2783,13431,4162,6864
725000	2257,25372,20425,1831,20902,14482,17835,1630,18597
854250	9881,4571,8943,20158,15832,19692,26341,23549
1086750	7868,18977,1084,19514,11080,9899,14261
11169500	17640,4220,2198,10014,14294,19217,953,366,19277,25040
11957000	16818,23907,17242,21995,21078,17060,12977,13380,18275,22505
3249250	2513,1237,26394,28641,7868,12394,26959,11080
4063000	19974,14573,6148,18689,12055,11196
4967250	6101,7868,12431,3528,17642,28391,2033,679,3886
5693000	2655,21899,14020,22916,25372
6751750	16243,28463,3068,510,3658,599,1008,13737,26699,22522
7322250	23861,11977
8745250	679,15883,23086,7706,12033,3590
9512750	4239,27205,21593,13285,23779,19903,10584,28924,28135,20800
9802000	5883,21501,24601,12888,24947,18804,24015,15138
11601500	6299,11080,7511,12220,6190,28117,2655,20658,12853,647
3215500	10914,23134,9645,16550
3344750	18290,17748,28435,28463,7542,3313,29099,5310,2771,8805
3954500	15584,15860,12162,26315,7976,931,18292,9838,28803
4195500	7737,20456,20694,9802,28662,18097,27407,15315,18905,12285
425500	8313,12285,13450,17506,22094
4852500	911,24541,26288,16500,11665,7542,10151,5848,11080
5261000	1591,21581,15308,13592,24788,11410,11000,8786
6150750	15831,18185,17429,26523,4835,28184,4510,27060,10014,2963
6155250	29203,7850,4220,14020,15661,4059,5015,1773,27653,1501
6515500	23251,21657,8662,6319,18235,23793,11329,13450,29099,23340
7375000	11201,11857,20184,2655,25372,27625,7552
8216500	22552,27791,14159,3746,12394,25329,18712,2257,22916,6148
8845250	22484,11826,21979,13070,12394,28653,18736,26464,12008,14020
9694750	14550,15383,14887,10914,28409,911,9486,8662,7552,22508
11300000	13701,2963,4479,12063,8375,13307,8689,18024,27371,28809
11579750	12688,11196,15217,12132,8410,23841,8702,26722,24026,679
11701500	4366,22052,17760,26679,24737,4281,16481,12285,9567,29203
1579250	4078,24194,4953,21160,25424,9906,13737,15921,8698,25641
1793250	2033,21067,22393,14020,4949,679,7105
203750	4728,13799,18075,12977,25372
2797750	28270,20595,3658,11790,8533,927
282500	12055,3850,2683,9899,8818,1962,3697,15617
3895750	12475,12933,5469,12606
4907500	23622,11196,5086,24196,9709,5712,8965,11060,6374,8775
5440750	19862,20045,25029,2963,12883,20701,27210,14853,23206,970
6458000	1681
7810250	8637,6880
8280500	17972,16674,19,13971
8573000	6158,28049,9549,16110,2323,19828,21110,17372,6328,23662
861750	23284,27791,5660,12790,3720,4078
8701250	1884,19767,19973,19974,18805
9055750	11201,18024
1063000	28481,22280,15019,14165,530,22749,20551,24929,24196,23214
11225500	4731,13020,21110,8628,10176,24869,2655,23342,25372,16463
1561250	13891,12352,17945,17706,251,3627,22973,14261,8495,679
2975500	5086,16406,19745,15934,11329,7868,14902,21865,16670,14226
3350250	24765,18736,19177,25420,3384,1672,14413,3409,12220,28425
418500	18002,15138
4606000	14887,21110
5865750	3228,11652,28177,911,28937,10268,29331,3145,26297,4238
6140500	637
6634500	9454,6571,27886,1257
7785250	11790,12132,20846
7898750	26894,21838,24503,7868,5574,16110
8060000	19882,18024
8385000	7680,21110,18080,19217,504,9111,26332,8528,16463,3458
11503250	504,19458,21967,27683,23143,8878,17260
11613500	7868,5655
11747250	11244,16918,13093,9525,24892,17959,282,22218,18730,16154
12386500	2367,13087
3031750	16406,7323,16110,12977,3228,21565,18730,11263,28924,19962
3114000	23928,21092,20536,21110,15259,13112,2655,6828,2319,20484
405000	1135,26698
4256000	27791,5661,7692,24944,14153,3324,16331,23019,17771,11679
4880250	15617,27096,3382,14482,23143,16463,19217,17405,1831,20846
5354000	20180,13450,18990,10014,21110,4595,18024,23284,26288,26546
563500	7868,5260,16939,3219,10778,21838,15032,23928,9620,14073
5642000	11176,10840,10726,11080,13450,16009,9985,12512,22889,4949
6412750	3304,3719,17060,14580,7208,15019,12666,5014,6929,23676
6572500	29099,17945,8311,7868
10052000	7680,22126,3093,12754,143,21110,22280,10893,12610,25372
11397250	23541
11761750	554,3913,28975,11524,9765,3406,20846,5086,22043,14226
1838000	11259
3903500	1392,15138,27609,15514,28605,21899
5292000	8643,23779,11670,21345,19974,25669,1131,21672,7184
5407750	6352,16373,178,27060,16821,3850,26480,11080,25676
5742000	19523,170,5593,25261,29465,22307,10694,8238,24018,25248
5952250	5067,6827,5094
6258500	12068,20471,11524,934,1432
6433000	17087,20572,18149
7149500	20645,2306
7450000	29202,14261,12977,27791,7868,9220,8637,19962,22393,20661
8051750	13737,20297,21911,7936,12220,8389,13762,29389,21110,14020
8100250	22489,7868,11543,14952,14631
9069000	28017,22393,19937,11573,17446,21110,2257,9620,8689,7868
9438000	24977,15019,12220
10312750	3627,12352,17547,15934,20367,20164,6154,6672,24503,16110
10521000	7868,15874,10225,10409,15761,9471,25770,13779,9045,23076
10715500	2655,8240
1525000	11196,2257,9620,24601,11687,3228,11573,7105,22180,3564
1855750	7105
236000	18275,17690,27028,8637,19501,9452,7248,22523,21050,29203
239250	28481,12647,7616,27060,16854,9842,19742,8603,25372,18990
4037500	14523,25883,26614
5059000	9195,16668,19102,4366,8856,11974,22327
6358500	16873,10194
6694750	14020,24196,22393,18730,12352,12977,26298,9472,20456,27149
847750	28169,21684,18024,12728,25770,1752,13390,3714,23304,21838